DATASET_NAME: dataset.train.csv
ENSEMBLE: RF
NB_TREES: 10
NB_FEATURES: 4
NB_CLASSES: 3
MAX_TREE_DEPTH: 3
Format: node / node type (LN - leaf node, IN - internal node) left child / right child / feature / threshold / node_depth / majority class (starts with index 0)

[TREE 1]
NB_NODES: 15
0 IN 1 8 3 3.5 0 -1
1 IN 2 5 0 1.5 1 -1
2 IN 3 4 1 3.5 2 -1
3 LN -1 -1 -1 -1 3 0
4 LN -1 -1 -1 -1 3 0
5 IN 6 7 1 3.5 2 -1
6 LN -1 -1 -1 -1 3 2
7 LN -1 -1 -1 -1 3 2
8 IN 9 12 2 2.5 1 -1
9 IN 10 11 1 2.5 2 -1
10 LN -1 -1 -1 -1 3 0
11 LN -1 -1 -1 -1 3 2
12 IN 13 14 1 2.5 2 -1
13 LN -1 -1 -1 -1 3 0
14 LN -1 -1 -1 -1 3 0

[TREE 2]
NB_NODES: 15
0 IN 1 8 2 1.5 0 -1
1 IN 2 5 3 3.5 1 -1
2 IN 3 4 0 2.5 2 -1
3 LN -1 -1 -1 -1 3 2
4 LN -1 -1 -1 -1 3 2
5 IN 6 7 1 1.5 2 -1
6 LN -1 -1 -1 -1 3 1
7 LN -1 -1 -1 -1 3 2
8 IN 9 12 3 2.5 1 -1
9 IN 10 11 0 1.5 2 -1
10 LN -1 -1 -1 -1 3 0
11 LN -1 -1 -1 -1 3 2
12 IN 13 14 1 3.5 2 -1
13 LN -1 -1 -1 -1 3 0
14 LN -1 -1 -1 -1 3 0

[TREE 3]
NB_NODES: 15
0 IN 1 8 2 2.5 0 -1
1 IN 2 5 1 1.5 1 -1
2 IN 3 4 2 1.5 2 -1
3 LN -1 -1 -1 -1 3 1
4 LN -1 -1 -1 -1 3 0
5 IN 6 7 3 4.5 2 -1
6 LN -1 -1 -1 -1 3 2
7 LN -1 -1 -1 -1 3 2
8 IN 9 12 1 2.5 1 -1
9 IN 10 11 0 3.5 2 -1
10 LN -1 -1 -1 -1 3 0
11 LN -1 -1 -1 -1 3 0
12 IN 13 14 0 1.5 2 -1
13 LN -1 -1 -1 -1 3 0
14 LN -1 -1 -1 -1 3 2

[TREE 4]
NB_NODES: 15
0 IN 1 8 0 1.5 0 -1
1 IN 2 5 2 1.5 1 -1
2 IN 3 4 3 2.5 2 -1
3 LN -1 -1 -1 -1 3 1
4 LN -1 -1 -1 -1 3 0
5 IN 6 7 3 1.5 2 -1
6 LN -1 -1 -1 -1 3 0
7 LN -1 -1 -1 -1 3 0
8 IN 9 12 2 2.5 1 -1
9 IN 10 11 1 1.5 2 -1
10 LN -1 -1 -1 -1 3 0
11 LN -1 -1 -1 -1 3 2
12 IN 13 14 1 2.5 2 -1
13 LN -1 -1 -1 -1 3 0
14 LN -1 -1 -1 -1 3 2

[TREE 5]
NB_NODES: 15
0 IN 1 8 1 3.5 0 -1
1 IN 2 5 2 3.5 1 -1
2 IN 3 4 0 2.5 2 -1
3 LN -1 -1 -1 -1 3 0
4 LN -1 -1 -1 -1 3 2
5 IN 6 7 0 3.5 2 -1
6 LN -1 -1 -1 -1 3 0
7 LN -1 -1 -1 -1 3 0
8 IN 9 12 0 2.5 1 -1
9 IN 10 11 3 2.5 2 -1
10 LN -1 -1 -1 -1 3 2
11 LN -1 -1 -1 -1 3 0
12 IN 13 14 3 4.5 2 -1
13 LN -1 -1 -1 -1 3 2
14 LN -1 -1 -1 -1 3 2

[TREE 6]
NB_NODES: 15
0 IN 1 8 2 2.5 0 -1
1 IN 2 5 1 1.5 1 -1
2 IN 3 4 3 2.0 2 -1
3 LN -1 -1 -1 -1 3 2
4 LN -1 -1 -1 -1 3 0
5 IN 6 7 0 1.5 2 -1
6 LN -1 -1 -1 -1 3 0
7 LN -1 -1 -1 -1 3 2
8 IN 9 12 1 2.5 1 -1
9 IN 10 11 3 2.5 2 -1
10 LN -1 -1 -1 -1 3 0
11 LN -1 -1 -1 -1 3 0
12 IN 13 14 0 2.5 2 -1
13 LN -1 -1 -1 -1 3 0
14 LN -1 -1 -1 -1 3 2

[TREE 7]
NB_NODES: 13
0 IN 1 8 1 3.5 0 -1
1 IN 2 5 0 3.5 1 -1
2 IN 3 4 2 2.5 2 -1
3 LN -1 -1 -1 -1 3 2
4 LN -1 -1 -1 -1 3 0
5 IN 6 7 2 2.5 2 -1
6 LN -1 -1 -1 -1 3 2
7 LN -1 -1 -1 -1 3 0
8 IN 9 10 3 1.5 1 -1
9 LN -1 -1 -1 -1 2 2
10 IN 11 12 2 3.5 2 -1
11 LN -1 -1 -1 -1 3 2
12 LN -1 -1 -1 -1 3 0

[TREE 8]
NB_NODES: 15
0 IN 1 8 0 2.5 0 -1
1 IN 2 5 1 1.5 1 -1
2 IN 3 4 0 1.5 2 -1
3 LN -1 -1 -1 -1 3 0
4 LN -1 -1 -1 -1 3 0
5 IN 6 7 0 1.5 2 -1
6 LN -1 -1 -1 -1 3 0
7 LN -1 -1 -1 -1 3 0
8 IN 9 12 2 3.5 1 -1
9 IN 10 11 1 1.5 2 -1
10 LN -1 -1 -1 -1 3 0
11 LN -1 -1 -1 -1 3 2
12 IN 13 14 1 2.5 2 -1
13 LN -1 -1 -1 -1 3 0
14 LN -1 -1 -1 -1 3 2

[TREE 9]
NB_NODES: 15
0 IN 1 8 0 2.5 0 -1
1 IN 2 5 2 2.5 1 -1
2 IN 3 4 3 1.5 2 -1
3 LN -1 -1 -1 -1 3 2
4 LN -1 -1 -1 -1 3 0
5 IN 6 7 2 4.5 2 -1
6 LN -1 -1 -1 -1 3 0
7 LN -1 -1 -1 -1 3 0
8 IN 9 12 1 2.5 1 -1
9 IN 10 11 3 1.5 2 -1
10 LN -1 -1 -1 -1 3 2
11 LN -1 -1 -1 -1 3 0
12 IN 13 14 2 3.5 2 -1
13 LN -1 -1 -1 -1 3 2
14 LN -1 -1 -1 -1 3 2

[TREE 10]
NB_NODES: 13
0 IN 1 6 3 1.5 0 -1
1 IN 2 5 0 3.5 1 -1
2 IN 3 4 2 3.5 2 -1
3 LN -1 -1 -1 -1 3 2
4 LN -1 -1 -1 -1 3 0
5 LN -1 -1 -1 -1 2 2
6 IN 7 10 2 2.5 1 -1
7 IN 8 9 0 2.5 2 -1
8 LN -1 -1 -1 -1 3 0
9 LN -1 -1 -1 -1 3 2
10 IN 11 12 1 3.5 2 -1
11 LN -1 -1 -1 -1 3 0
12 LN -1 -1 -1 -1 3 0
